Plin. 4, 44 : 97
, 146 3 117. 131

’ , 1173131

,1555

·,1555
ν, 153ι49
“, 1513267678
, 1, 55371. 78. 127
, 156328
, 157328
, 4, 58376. 114

. ,, 158-6035735.
’,, 1,·603101. 151

&4555x
·,1555555

, 163359. 77. 114
, 161345. 59
“, 16532677
,. 166311. 21
, 1,,6732171

’ ,15555

, 16932877
,, 1, 703 27. 29
,,,3471 57. 77103.
111
,4,372 28. 77
„ 4‚-73:77
„ 1753101127
, 176371. 105. 213
, 177311172131.
39129 ’

, 1, 78331. 37

, 179378136

, 4,803129.135.136
, ν181371. 135

, 183378136

, 4, 83-85371

, 1863213. 215 ·
, 187378

, 4, 89536887129
, 190387 .

„ 4, 913129

, 192375

, 1933267176180
, 194345141

, 197371141
,155

’ nm. 5333331153· minum

’ 225

' Plin. 1100371

,1,1302 16. 47. 54.
·.142 146

,, 13101 15142
, 150387. 103. 117 “,
, 11093141
,, 1110293. 131141 155sq. ’
,, 1111382144
,, 11123111146
,, 1113.67.72.145
, 11113111
,154555
¹¹„ 1115387. 215.
„Mwffiffi
„5155145¹
,, 1120328. 15. 87.

1105 3 60. 72. 112

115. 211

’,55555
,55555
,5,55
,5255
,5455
,55559

.,5,8;5.5

, 539 14sq. 40. 118.

119

, 5113118

, 5133 119

, 5‚.:14sq 147
,5136 11. 119

, 51753118

„ 5139 118 , ’
, 52035082148
, 5321 103148

, 5,232 98. 149. 216
, 5,21398. 149

, 5,253103. 150216
ι, 5,263 40 119. 216
, 5327 ·151. 216

, 5328 69 7287150
, 5,293 98

, 5330 98
,55ι5

, 5,;35-37 147

, 5338 73103117.

150
,5393 31. 103
,,,5403 31. 35. 40. 61

Plin. 5, 41 3 32. 78. 152

,5,123 78. 152

’ 5, 43-1631535.
, 544387
, 5463216
mffifflffiffi

„ 518361. 156

„ 5, 49373. 156

, 5, 50322. 23. 158
, 551314. 157

,· 55535315
,5593361176158
, 5603158 ’

, 5, 61353158

, 5, 63325

, 5643158

, 56531371159
·, 566362160

, 567387103. 159
,555

,,,5 69379. 159. 160

,53555
„555M5

,,,3576 215
5,,,737 161
5783 74. 78
,5,379 ·161
,5803 71. 163
,,,3581 162
,,,3582 162
,5,83· 22
,,583-903162
,5,853183
,5,386 197
,5913 91. 163
5923 79. 92. 163
,5933 71. 95. 163
594 163. 164
,,,3595 165
,,,3596 73165
,5973165186
,,,35100 01
53101 166
,5,1023156. 166181
,,,35103 167
,,,35104·79.81.167
,,,35105 166172
15

 

