1111111 18211. 196.
1111111 87.

111111 171.
Artemita 19.

220

Catabathmon 112.

01111111 180.

01111111 182. 0111111111 portae 184.
0111111 (011111111 monton) 81.

Asi· 68. 78. 11111. 1111111111 mere 168. 01111111 91.

111111 71.
11111111 93.

0111111111 1111166.
0111 10.

11111111 (Δ1111111111,0111·11111111) 011110111178.
133111 Proetorie 97.

Auguste Tnnrinorum 97.
Autololer 14eq.

111111 11.

3111111 121.

Dillio (Billeeue) 177.
Bithynis 173.
1111111111 92.

Blande 128.

Bosporus 0111111111 78
1111111111 Thronion 71.
Boti 84.

Bovinuurn 92.
81111111111. 142.

Bruttium promunturium 73. 213.

81111111 81.

Boon 81.

Buthrotum 128.
0111111 186.

01111111 91.
0111111011 173.
0111111111 71.

Delydne (Calymne) 170.
Oelypeue 111111 71.
0111111111 montet 126.
011111 90.
011111111111 112.
Danuuium 93.
0111111111 180.

01111 72.
01111(011111) 162.
0111113131. 98.

01111111 79.
011111 moue 71.

01111 77.

Ooepioe portoe 184. 186.
0111111111 69.
0111111111 180.

011111 cornelio 98.

0111111176.

01111111 montet 181. 70. 109 (oi.
Aorooereunie).

01111111193.

01111111 174.

0111111172.

011111(0111111) 1111.

Dhntremotitue of. Atremitoe.

Dbryee 88.

0111111 71. 163. Aulon Cilicius 161. 169.
01111111 mure 161. 169.

0111198.

0111111113.

011110.

011190.

1111111176.

cornico 19.

0111111 (0111111) 113.

0111117. 76. 97. 01111111 11111110. 111.

0111111 (Cromnos) 177.

1 1111197.

Cyrene 97.
01111111 136. 213 of. 1111111.

Decapolitana regIo 181.
Deoiotee 123.

Dolor 21.
Demonnesos 174.

Dieuium 93.

0111111111180 of. Auunorbo.
011111111131. 72. 178 ef. sebastopolis.
Dininur (Drino) 100. 129.

sDnrroohium (Dyrrhuohium) 117.

1111111111 49. 76.

11111111 91.

Itone 1111111 89. 186 (1118111111 1111111).
Epirus 98. 139.

1111111 te.

Europe 40. 106 eq.

Eutune (8111111, noune) 81. 167.
11111111 90.

 

